list(mu=c(0.00000E+00, 0.00000E+00, 0.00000E+00, 0.00000E+00), dd=c(    NA, 0.00000E+00, 0.00000E+00, 0.00000E+00), sd=1.00000E-01, beta=0.00000E+00)
